Iteration 1:
0 0 0 1 0 1 0 0 1 0 
0 0 1 1 1 0 0 0 0 0 
0 1 1 1 1 1 0 0 1 0 
0 0 1 0 0 0 1 0 0 0 
0 1 0 0 0 0 1 0 0 0 
0 0 0 1 0 1 0 0 0 1 
0 0 0 0 0 0 0 0 0 0 
0 0 1 0 1 0 0 0 1 0 
0 0 1 0 0 1 0 0 0 0 
0 1 0 0 1 0 0 1 0 0 

Iteration 2:
0 0 0 0 0 1 0 0 0 0 
0 1 0 0 0 0 0 0 0 0 
0 1 0 0 0 1 0 0 0 0 
0 0 0 0 1 0 1 1 0 0 
0 0 1 0 0 1 1 0 0 0 
0 0 0 0 0 0 0 0 0 0 
0 0 0 1 1 0 0 0 0 0 
0 0 0 1 0 0 0 0 0 0 
0 1 1 0 1 1 0 0 0 0 
0 0 1 1 1 1 1 0 0 0 

Iteration 3:
0 0 1 1 0 1 1 0 0 0 
0 0 0 0 0 0 0 0 0 0 
0 0 0 0 0 1 1 0 0 0 
0 0 0 0 1 0 0 1 0 0 
0 0 0 0 0 1 1 1 0 0 
0 0 0 1 1 1 0 0 0 0 
0 0 0 1 1 0 0 0 0 0 
0 0 0 0 0 1 0 0 0 0 
0 1 0 0 0 0 1 0 0 0 
0 1 1 0 0 0 1 0 0 0 

Iteration 4:
0 1 1 1 0 1 1 0 0 0 
0 0 0 0 1 0 0 0 0 0 
0 0 0 0 0 1 1 0 0 0 
0 0 0 0 1 0 0 1 0 0 
0 0 0 1 0 0 0 1 0 0 
0 0 0 1 0 0 0 0 0 0 
0 0 0 1 0 0 0 0 0 0 
0 0 0 0 1 1 0 0 0 0 
0 1 1 0 0 1 1 0 0 0 
0 1 0 1 0 0 1 1 0 0 

Iteration 5:
0 1 0 1 0 1 1 1 0 0 
0 0 1 1 1 0 0 0 0 0 
0 0 0 0 1 1 1 0 0 0 
0 0 0 0 1 1 0 1 0 0 
0 0 0 1 1 0 0 0 0 0 
0 0 1 1 1 0 0 0 0 0 
0 0 0 1 0 0 0 0 0 0 
0 0 1 1 1 1 1 0 0 0 
0 1 1 1 0 0 0 1 0 0 
1 0 0 1 0 0 0 1 0 0 

Iteration 6:
0 1 0 0 0 1 1 1 0 0 
0 0 1 0 0 0 0 1 0 0 
0 0 0 0 0 0 1 0 0 0 
0 0 0 0 0 0 0 0 0 0 
0 0 1 0 0 0 0 0 0 0 
0 0 1 0 0 0 0 0 0 0 
0 0 0 0 0 0 0 0 0 0 
0 1 0 0 0 1 1 0 0 0 
0 1 0 0 0 1 0 1 0 0 
1 0 0 1 0 0 0 1 1 0 

Iteration 7:
0 1 1 0 0 0 0 0 0 0 
0 0 0 0 0 1 0 1 0 0 
0 0 0 0 0 0 0 0 0 0 
0 0 0 0 0 0 0 0 0 0 
0 0 0 0 0 0 0 0 0 0 
0 0 0 0 0 0 0 0 0 0 
0 0 0 0 0 0 0 0 0 0 
0 0 0 0 0 1 1 0 0 0 
1 1 1 0 1 1 0 1 1 0 
1 1 1 0 1 1 0 0 1 0 

Iteration 8:
1 0 1 1 1 1 1 0 0 0 
0 0 0 0 0 0 0 0 0 0 
0 0 0 0 0 0 0 0 0 0 
0 0 0 0 0 0 0 0 0 0 
0 0 0 0 0 0 0 0 0 0 
0 0 0 0 0 0 0 0 0 0 
0 0 0 0 0 0 0 0 0 0 
0 1 0 0 1 1 1 1 0 0 
1 0 1 0 0 0 0 1 1 0 
0 0 0 0 1 1 1 1 1 0 

Iteration 9:
0 0 0 1 0 0 0 0 0 0 
0 0 0 1 1 1 0 0 0 0 
0 0 0 0 0 0 0 0 0 0 
0 0 0 0 0 0 0 0 0 0 
0 0 0 0 0 0 0 0 0 0 
0 0 0 0 0 0 0 0 0 0 
0 0 0 0 0 1 1 0 0 0 
0 1 0 0 0 1 1 1 1 0 
0 1 0 1 0 0 0 0 0 1 
0 0 1 0 0 0 0 0 1 0 

Iteration 10:
0 0 1 1 0 0 0 0 0 0 
0 0 0 1 1 0 0 0 0 0 
0 0 0 0 1 0 0 0 0 0 
0 0 0 0 0 0 0 0 0 0 
0 0 0 0 0 0 0 0 0 0 
0 0 0 0 0 0 0 0 0 0 
0 0 0 0 0 1 0 0 0 0 
1 0 1 0 1 1 0 1 1 0 
1 1 0 0 0 0 1 0 0 1 
0 0 1 1 0 0 0 0 0 0 

Iteration 11:
0 0 0 0 0 0 0 0 0 0 
0 0 1 0 1 0 0 0 0 0 
0 0 0 1 1 0 0 0 0 0 
0 0 0 0 0 0 0 0 0 0 
0 0 0 0 0 0 0 0 0 0 
0 0 0 0 0 0 0 0 0 0 
0 0 0 0 1 1 1 0 0 0 
1 0 0 0 1 1 0 1 1 0 
1 0 0 0 1 1 1 1 1 1 
1 0 0 1 0 0 0 0 0 0 

Iteration 12:
0 0 0 1 0 0 0 0 0 0 
0 0 0 0 1 0 0 0 0 0 
0 0 0 1 1 0 0 0 0 0 
0 0 0 0 0 0 0 0 0 0 
0 0 0 0 0 0 0 0 0 0 
0 0 0 0 0 1 0 0 0 0 
0 0 0 0 1 0 1 1 0 0 
1 0 0 1 0 0 0 0 0 0 
1 1 0 1 0 0 0 0 0 0 
1 0 0 0 1 1 1 1 1 0 

Iteration 13:
0 0 0 1 0 0 1 1 0 0 
0 0 0 0 1 0 0 0 0 0 
0 0 0 1 1 0 0 0 0 0 
0 0 0 0 0 0 0 0 0 0 
0 0 0 0 0 0 0 0 0 0 
0 0 0 0 0 1 1 0 0 0 
0 0 0 0 1 1 1 0 0 0 
1 1 1 1 1 0 0 0 0 0 
1 1 1 1 0 1 1 1 0 0 
1 1 1 1 1 1 1 1 0 1 

Iteration 14:
1 1 0 0 0 0 0 1 1 0 
0 0 0 0 1 1 0 0 0 0 
0 0 0 1 1 0 0 0 0 0 
0 0 0 0 0 0 0 0 0 0 
0 0 0 0 0 0 0 0 0 0 
0 0 0 0 1 0 1 0 0 0 
0 1 1 0 0 0 1 0 0 0 
1 0 0 0 0 0 0 1 0 0 
0 0 0 0 0 0 0 1 1 0 
0 0 0 0 0 0 0 0 0 1 

Iteration 15:
1 0 0 0 0 0 0 0 1 1 
0 0 0 1 1 1 0 0 0 0 
0 0 0 1 1 1 0 0 0 0 
0 0 0 0 0 0 0 0 0 0 
0 0 0 0 0 0 0 0 0 0 
0 0 0 0 0 1 0 0 0 0 
0 1 0 0 0 1 1 1 0 0 
0 1 0 0 0 0 1 1 1 0 
0 0 0 0 0 0 0 1 1 1 
1 0 0 0 0 0 0 0 0 1 

Iteration 16:
1 0 0 0 1 0 0 0 1 0 
0 0 0 1 0 1 0 0 0 1 
0 0 0 1 0 1 0 0 0 0 
0 0 0 0 1 0 0 0 0 0 
0 0 0 0 0 0 0 0 0 0 
0 0 0 0 0 1 0 0 0 0 
0 0 0 0 0 1 0 0 1 0 
1 0 0 0 0 1 0 0 0 1 
0 0 0 0 0 0 1 0 0 0 
0 0 0 0 0 0 0 1 0 0 

Iteration 17:
0 0 0 0 1 0 0 0 1 1 
0 0 0 1 0 1 0 0 0 1 
0 0 0 1 0 1 0 0 0 0 
0 0 0 0 1 0 0 0 0 0 
0 0 0 0 0 0 0 0 0 0 
0 0 0 0 0 0 0 0 0 0 
0 0 0 0 1 1 1 0 0 1 
0 0 0 0 0 1 1 0 0 1 
0 0 0 0 0 0 1 0 0 0 
0 0 0 0 0 0 0 1 0 0 

Iteration 18:
0 0 0 0 1 0 0 0 1 1 
0 0 0 1 0 1 0 0 1 1 
0 0 0 1 0 1 0 0 0 0 
0 0 0 0 1 0 0 0 0 0 
0 0 0 0 0 0 0 0 0 0 
0 0 0 0 0 1 0 0 0 0 
0 0 0 0 1 0 1 0 0 0 
0 0 0 0 1 0 0 1 0 0 
0 0 0 0 0 1 1 1 0 0 
0 0 0 0 0 0 0 1 1 0 

Iteration 19:
0 0 0 0 1 0 0 0 0 0 
0 0 0 1 0 1 0 0 1 1 
0 0 0 1 0 1 0 0 0 0 
0 0 0 0 1 0 0 0 0 0 
0 0 0 0 0 0 0 0 0 0 
0 0 0 0 0 1 0 0 0 0 
0 0 0 0 1 0 1 0 0 0 
0 0 0 0 1 0 0 1 0 0 
0 0 0 0 0 1 0 0 0 0 
0 0 0 0 0 1 0 0 0 1 

Iteration 20:
0 0 0 0 1 1 0 0 1 1 
0 0 0 1 0 1 0 0 0 0 
0 0 0 1 0 1 0 0 0 0 
0 0 0 0 1 0 0 0 0 0 
0 0 0 0 0 0 0 0 0 0 
0 0 0 0 0 1 0 0 0 0 
0 0 0 0 1 0 1 0 0 0 
0 0 0 0 1 0 1 0 0 0 
0 0 0 0 1 1 1 0 0 0 
0 0 0 0 1 1 0 0 0 0 

Iteration 21:
0 0 0 1 0 0 1 0 0 0 
0 0 0 1 0 1 1 0 0 0 
0 0 0 1 0 1 0 0 0 0 
0 0 0 0 1 0 0 0 0 0 
0 0 0 0 0 0 0 0 0 0 
0 0 0 0 0 1 0 0 0 0 
0 0 0 0 1 0 1 0 0 0 
0 0 0 1 1 0 1 1 0 0 
0 0 0 1 0 0 1 0 0 0 
0 0 0 1 0 0 0 0 0 0 

Iteration 22:
0 0 1 1 0 1 1 0 0 0 
0 0 1 1 0 1 1 0 0 0 
0 0 0 1 0 1 1 0 0 0 
0 0 0 0 1 0 0 0 0 0 
0 0 0 0 0 0 0 0 0 0 
0 0 0 0 0 1 0 0 0 0 
0 0 0 1 1 0 1 1 0 0 
0 0 0 1 1 0 1 1 0 0 
0 0 1 1 0 1 1 1 0 0 
0 0 1 1 1 0 0 0 0 0 

Iteration 23:
0 1 0 0 0 0 1 0 0 0 
0 0 0 0 0 0 0 1 0 0 
0 0 1 1 0 0 1 0 0 0 
0 0 0 0 1 1 0 0 0 0 
0 0 0 0 0 0 0 0 0 0 
0 0 0 0 1 1 1 0 0 0 
0 0 0 1 0 0 0 1 0 0 
0 0 0 0 0 0 0 0 1 0 
0 0 0 0 0 0 0 1 0 0 
0 1 0 0 0 0 0 1 0 0 

Iteration 24:
0 0 0 0 0 0 1 1 0 0 
0 0 1 0 0 0 1 1 0 0 
0 0 0 1 1 1 1 0 0 0 
0 0 0 1 1 1 0 0 0 0 
0 0 0 0 0 0 1 0 0 0 
0 0 0 0 1 1 1 0 0 0 
0 0 0 0 1 1 1 1 0 0 
0 0 0 0 0 0 0 1 1 0 
0 0 0 0 0 0 0 1 1 0 
0 0 0 0 0 0 1 1 0 0 

Iteration 25:
0 0 0 0 0 1 0 0 1 0 
0 0 0 1 1 0 0 0 0 0 
0 0 1 0 0 0 0 1 0 0 
0 0 0 1 0 0 0 0 0 0 
0 0 0 1 0 0 1 0 0 0 
0 0 0 0 1 0 0 0 0 0 
0 0 0 0 1 0 0 0 1 0 
0 0 0 0 0 1 0 0 0 0 
0 0 0 0 0 0 0 0 0 0 
0 0 0 0 0 0 0 0 0 0 

Iteration 26:
0 0 0 0 1 0 0 0 0 0 
0 0 0 1 1 0 0 0 0 0 
0 0 1 0 1 0 0 0 0 0 
0 0 1 1 0 0 0 0 0 0 
0 0 0 1 1 0 0 0 0 0 
0 0 0 1 1 1 0 0 0 0 
0 0 0 0 1 1 0 0 0 0 
0 0 0 0 0 0 0 0 0 0 
0 0 0 0 0 0 0 0 0 0 
0 0 0 0 0 0 0 0 0 0 

Iteration 27:
0 0 0 1 1 0 0 0 0 0 
0 0 0 0 1 1 0 0 0 0 
0 0 1 0 1 0 0 0 0 0 
0 0 1 0 0 0 0 0 0 0 
0 0 0 0 0 1 0 0 0 0 
0 0 0 0 0 0 0 0 0 0 
0 0 0 1 0 1 0 0 0 0 
0 0 0 0 0 0 0 0 0 0 
0 0 0 0 0 0 0 0 0 0 
0 0 0 0 0 0 0 0 0 0 

Iteration 28:
0 0 0 1 1 1 0 0 0 0 
0 0 0 0 0 1 0 0 0 0 
0 0 0 0 1 1 0 0 0 0 
0 0 0 1 0 0 0 0 0 0 
0 0 0 0 0 0 0 0 0 0 
0 0 0 0 1 0 0 0 0 0 
0 0 0 0 0 0 0 0 0 0 
0 0 0 0 0 0 0 0 0 0 
0 0 0 0 0 0 0 0 0 0 
0 0 0 0 0 0 0 0 0 0 

Iteration 29:
0 0 0 0 1 1 0 0 0 0 
0 0 0 1 0 0 1 0 0 0 
0 0 0 0 1 1 0 0 0 0 
0 0 0 0 1 0 0 0 0 0 
0 0 0 0 0 0 0 0 0 0 
0 0 0 0 0 0 0 0 0 0 
0 0 0 0 0 0 0 0 0 0 
0 0 0 0 0 0 0 0 0 0 
0 0 0 0 0 0 0 0 0 0 
0 0 0 0 1 0 0 0 0 0 

Iteration 30:
0 0 0 1 1 1 0 0 0 0 
0 0 0 1 0 0 1 0 0 0 
0 0 0 1 1 1 0 0 0 0 
0 0 0 0 1 1 0 0 0 0 
0 0 0 0 0 0 0 0 0 0 
0 0 0 0 0 0 0 0 0 0 
0 0 0 0 0 0 0 0 0 0 
0 0 0 0 0 0 0 0 0 0 
0 0 0 0 0 0 0 0 0 0 
0 0 0 0 1 1 0 0 0 0 

Iteration 31:
0 0 0 1 0 0 1 0 0 0 
0 0 1 0 0 0 1 0 0 0 
0 0 0 1 0 0 1 0 0 0 
0 0 0 1 0 1 0 0 0 0 
0 0 0 0 0 0 0 0 0 0 
0 0 0 0 0 0 0 0 0 0 
0 0 0 0 0 0 0 0 0 0 
0 0 0 0 0 0 0 0 0 0 
0 0 0 0 0 0 0 0 0 0 
0 0 0 1 0 1 0 0 0 0 

Iteration 32:
0 0 1 1 1 1 1 0 0 0 
0 0 1 1 0 1 1 1 0 0 
0 0 1 1 1 1 1 0 0 0 
0 0 0 0 1 0 0 0 0 0 
0 0 0 0 0 0 0 0 0 0 
0 0 0 0 0 0 0 0 0 0 
0 0 0 0 0 0 0 0 0 0 
0 0 0 0 0 0 0 0 0 0 
0 0 0 0 0 0 0 0 0 0 
0 0 0 0 1 0 0 0 0 0 

Iteration 33:
0 0 1 0 0 0 0 1 0 0 
0 1 0 0 0 0 0 1 0 0 
0 0 1 0 0 0 0 1 0 0 
0 0 0 0 1 0 0 0 0 0 
0 0 0 0 0 0 0 0 0 0 
0 0 0 0 0 0 0 0 0 0 
0 0 0 0 0 0 0 0 0 0 
0 0 0 0 0 0 0 0 0 0 
0 0 0 0 0 0 0 0 0 0 
0 0 0 0 1 0 0 0 0 0 

Iteration 34:
0 0 0 0 0 0 0 0 0 0 
0 1 1 0 0 0 1 1 1 0 
0 0 0 0 0 0 0 0 0 0 
0 0 0 0 0 0 0 0 0 0 
0 0 0 0 0 0 0 0 0 0 
0 0 0 0 0 0 0 0 0 0 
0 0 0 0 0 0 0 0 0 0 
0 0 0 0 0 0 0 0 0 0 
0 0 0 0 0 0 0 0 0 0 
0 0 0 0 0 0 0 0 0 0 

Iteration 35:
0 0 0 0 0 0 0 1 0 0 
0 0 0 0 0 0 0 1 0 0 
0 0 0 0 0 0 0 1 0 0 
0 0 0 0 0 0 0 0 0 0 
0 0 0 0 0 0 0 0 0 0 
0 0 0 0 0 0 0 0 0 0 
0 0 0 0 0 0 0 0 0 0 
0 0 0 0 0 0 0 0 0 0 
0 0 0 0 0 0 0 0 0 0 
0 0 0 0 0 0 0 0 0 0 

Iteration 36:
0 0 0 0 0 0 0 0 0 0 
0 0 0 0 0 0 1 1 1 0 
0 0 0 0 0 0 0 0 0 0 
0 0 0 0 0 0 0 0 0 0 
0 0 0 0 0 0 0 0 0 0 
0 0 0 0 0 0 0 0 0 0 
0 0 0 0 0 0 0 0 0 0 
0 0 0 0 0 0 0 0 0 0 
0 0 0 0 0 0 0 0 0 0 
0 0 0 0 0 0 0 0 0 0 

Iteration 37:
0 0 0 0 0 0 0 1 0 0 
0 0 0 0 0 0 0 1 0 0 
0 0 0 0 0 0 0 1 0 0 
0 0 0 0 0 0 0 0 0 0 
0 0 0 0 0 0 0 0 0 0 
0 0 0 0 0 0 0 0 0 0 
0 0 0 0 0 0 0 0 0 0 
0 0 0 0 0 0 0 0 0 0 
0 0 0 0 0 0 0 0 0 0 
0 0 0 0 0 0 0 0 0 0 

Iteration 38:
0 0 0 0 0 0 0 0 0 0 
0 0 0 0 0 0 1 1 1 0 
0 0 0 0 0 0 0 0 0 0 
0 0 0 0 0 0 0 0 0 0 
0 0 0 0 0 0 0 0 0 0 
0 0 0 0 0 0 0 0 0 0 
0 0 0 0 0 0 0 0 0 0 
0 0 0 0 0 0 0 0 0 0 
0 0 0 0 0 0 0 0 0 0 
0 0 0 0 0 0 0 0 0 0 

Iteration 39:
0 0 0 0 0 0 0 1 0 0 
0 0 0 0 0 0 0 1 0 0 
0 0 0 0 0 0 0 1 0 0 
0 0 0 0 0 0 0 0 0 0 
0 0 0 0 0 0 0 0 0 0 
0 0 0 0 0 0 0 0 0 0 
0 0 0 0 0 0 0 0 0 0 
0 0 0 0 0 0 0 0 0 0 
0 0 0 0 0 0 0 0 0 0 
0 0 0 0 0 0 0 0 0 0 

Iteration 40:
0 0 0 0 0 0 0 0 0 0 
0 0 0 0 0 0 1 1 1 0 
0 0 0 0 0 0 0 0 0 0 
0 0 0 0 0 0 0 0 0 0 
0 0 0 0 0 0 0 0 0 0 
0 0 0 0 0 0 0 0 0 0 
0 0 0 0 0 0 0 0 0 0 
0 0 0 0 0 0 0 0 0 0 
0 0 0 0 0 0 0 0 0 0 
0 0 0 0 0 0 0 0 0 0 

Iteration 41:
0 0 0 0 0 0 0 1 0 0 
0 0 0 0 0 0 0 1 0 0 
0 0 0 0 0 0 0 1 0 0 
0 0 0 0 0 0 0 0 0 0 
0 0 0 0 0 0 0 0 0 0 
0 0 0 0 0 0 0 0 0 0 
0 0 0 0 0 0 0 0 0 0 
0 0 0 0 0 0 0 0 0 0 
0 0 0 0 0 0 0 0 0 0 
0 0 0 0 0 0 0 0 0 0 

Iteration 42:
0 0 0 0 0 0 0 0 0 0 
0 0 0 0 0 0 1 1 1 0 
0 0 0 0 0 0 0 0 0 0 
0 0 0 0 0 0 0 0 0 0 
0 0 0 0 0 0 0 0 0 0 
0 0 0 0 0 0 0 0 0 0 
0 0 0 0 0 0 0 0 0 0 
0 0 0 0 0 0 0 0 0 0 
0 0 0 0 0 0 0 0 0 0 
0 0 0 0 0 0 0 0 0 0 

Iteration 43:
0 0 0 0 0 0 0 1 0 0 
0 0 0 0 0 0 0 1 0 0 
0 0 0 0 0 0 0 1 0 0 
0 0 0 0 0 0 0 0 0 0 
0 0 0 0 0 0 0 0 0 0 
0 0 0 0 0 0 0 0 0 0 
0 0 0 0 0 0 0 0 0 0 
0 0 0 0 0 0 0 0 0 0 
0 0 0 0 0 0 0 0 0 0 
0 0 0 0 0 0 0 0 0 0 

Iteration 44:
0 0 0 0 0 0 0 0 0 0 
0 0 0 0 0 0 1 1 1 0 
0 0 0 0 0 0 0 0 0 0 
0 0 0 0 0 0 0 0 0 0 
0 0 0 0 0 0 0 0 0 0 
0 0 0 0 0 0 0 0 0 0 
0 0 0 0 0 0 0 0 0 0 
0 0 0 0 0 0 0 0 0 0 
0 0 0 0 0 0 0 0 0 0 
0 0 0 0 0 0 0 0 0 0 

Iteration 45:
0 0 0 0 0 0 0 1 0 0 
0 0 0 0 0 0 0 1 0 0 
0 0 0 0 0 0 0 1 0 0 
0 0 0 0 0 0 0 0 0 0 
0 0 0 0 0 0 0 0 0 0 
0 0 0 0 0 0 0 0 0 0 
0 0 0 0 0 0 0 0 0 0 
0 0 0 0 0 0 0 0 0 0 
0 0 0 0 0 0 0 0 0 0 
0 0 0 0 0 0 0 0 0 0 

Iteration 46:
0 0 0 0 0 0 0 0 0 0 
0 0 0 0 0 0 1 1 1 0 
0 0 0 0 0 0 0 0 0 0 
0 0 0 0 0 0 0 0 0 0 
0 0 0 0 0 0 0 0 0 0 
0 0 0 0 0 0 0 0 0 0 
0 0 0 0 0 0 0 0 0 0 
0 0 0 0 0 0 0 0 0 0 
0 0 0 0 0 0 0 0 0 0 
0 0 0 0 0 0 0 0 0 0 

Iteration 47:
0 0 0 0 0 0 0 1 0 0 
0 0 0 0 0 0 0 1 0 0 
0 0 0 0 0 0 0 1 0 0 
0 0 0 0 0 0 0 0 0 0 
0 0 0 0 0 0 0 0 0 0 
0 0 0 0 0 0 0 0 0 0 
0 0 0 0 0 0 0 0 0 0 
0 0 0 0 0 0 0 0 0 0 
0 0 0 0 0 0 0 0 0 0 
0 0 0 0 0 0 0 0 0 0 

Iteration 48:
0 0 0 0 0 0 0 0 0 0 
0 0 0 0 0 0 1 1 1 0 
0 0 0 0 0 0 0 0 0 0 
0 0 0 0 0 0 0 0 0 0 
0 0 0 0 0 0 0 0 0 0 
0 0 0 0 0 0 0 0 0 0 
0 0 0 0 0 0 0 0 0 0 
0 0 0 0 0 0 0 0 0 0 
0 0 0 0 0 0 0 0 0 0 
0 0 0 0 0 0 0 0 0 0 

Iteration 49:
0 0 0 0 0 0 0 1 0 0 
0 0 0 0 0 0 0 1 0 0 
0 0 0 0 0 0 0 1 0 0 
0 0 0 0 0 0 0 0 0 0 
0 0 0 0 0 0 0 0 0 0 
0 0 0 0 0 0 0 0 0 0 
0 0 0 0 0 0 0 0 0 0 
0 0 0 0 0 0 0 0 0 0 
0 0 0 0 0 0 0 0 0 0 
0 0 0 0 0 0 0 0 0 0 

Iteration 50:
0 0 0 0 0 0 0 0 0 0 
0 0 0 0 0 0 1 1 1 0 
0 0 0 0 0 0 0 0 0 0 
0 0 0 0 0 0 0 0 0 0 
0 0 0 0 0 0 0 0 0 0 
0 0 0 0 0 0 0 0 0 0 
0 0 0 0 0 0 0 0 0 0 
0 0 0 0 0 0 0 0 0 0 
0 0 0 0 0 0 0 0 0 0 
0 0 0 0 0 0 0 0 0 0 

